48 | 199088 | XX-YY-48 | 00
30 | 199090 | XX-YY-30 | 00
31 | 199091 | XX-YY-31 | 00
36 | 199099 | XX-YY-36 | 00
37 | 199101 | XX-YY-37 | 00
20 | 199105 | XX-YY-20 | 00
21 | 199106 | XX-YY-21 | 00
24 | 199110 | XX-YY-24 | 00
26 | 199112 | XX-YY-26 | 00
27 | 199114 | XX-YY-27 | 00
12 | 199120 | XX-YY-12 | 00
13 | 199121 | XX-YY-13 | 00
14 | 199123 | XX-YY-14 | 00
15 | 199124 | XX-YY-15 | 00
17 | 199127 | XX-YY-17 | 00
19 | 199129 | XX-YY-19 | 00
02 | 199133 | XX-YY-02 | 00
03 | 199134 | XX-YY-03 | 00
04 | 199135 | XX-YY-04 | 00
00 | 199145 | XX-YY-00 | 00
03 | 199149 | XX-YY-03 | 00
06 | 199153 | XX-YY-06 | 00
09 | 199155 | XX-YY-09 | 00
11 | 199157 | XX-YY-11 | 00
12 | 199158 | XX-YY-12 | 00
13 | 199159 | XX-YY-13 | 00
17 | 199162 | XX-YY-17 | 00
19 | 199163 | XX-YY-19 | 00
23 | 199167 | XX-YY-23 | 00
29 | 199172 | XX-YY-29 | 00
30 | 199173 | XX-YY-30 | 00
32 | 199174 | XX-YY-32 | 00
33 | 199175 | XX-YY-33 | 00
01 | 198374 | XX-YY-01 | 00
03 | 198376 | XX-YY-03 | 00
46 | 199468 | XX-YY-46 | 01 | 216 | 430 | 100
48 | 199470 | XX-YY-48 | 01 | 144 | 511 | 100
49 | 199471 | XX-YY-49 | 01 | 146 | 940 | 100
34 | 199475 | XX-YY-34 | 01 | 135 | 75 | 100
35 | 199476 | XX-YY-35 | 01 | 215 | 464 | 100
38 | 199478 | XX-YY-38 | 01 | 152 | 575 | 100
39 | 199479 | XX-YY-39 | 01 | 207 | 507 | 100
22 | 199481 | XX-YY-22 | 01 | 245 | 934 | 100
24 | 199483 | XX-YY-24 | 01 | 264 | 759 | 100
25 | 199484 | XX-YY-25 | 01 | 227 | 73 | 100
10 | 199488 | XX-YY-10 | 01 | 115 | 239 | 100
11 | 199489 | XX-YY-11 | 01 | 122 | 336 | 100
12 | 199491 | XX-YY-12 | 01 | 153 | 349 | 100
13 | 199492 | XX-YY-13 | 01 | 238 | 50 | 100
15 | 199495 | XX-YY-15 | 01 | 260 | 844 | 100
17 | 199498 | XX-YY-17 | 01 | 231 | 308 | 100
00 | 199500 | XX-YY-00 | 01 | 80 | 840 | 100
01 | 199501 | XX-YY-01 | 01 | 175 | 454 | 100
02 | 199502 | XX-YY-02 | 01 | 185 | 329 | 100
08 | 199507 | XX-YY-08 | 01 | 125 | 593 | 100
01 | 199511 | XX-YY-01 | 01 | 171 | 489 | 100
04 | 199515 | XX-YY-04 | 01 | 148 | 551 | 100
07 | 199519 | XX-YY-07 | 01 | 73 | 800 | 100
09 | 199522 | XX-YY-09 | 01 | 217 | 530 | 100
10 | 199523 | XX-YY-10 | 01 | 164 | 585 | 100
11 | 199525 | XX-YY-11 | 01 | 54 | 94 | 100
15 | 199530 | XX-YY-15 | 01 | 151 | 46 | 100
17 | 199532 | XX-YY-17 | 01 | 252 | 734 | 100
21 | 199538 | XX-YY-21 | 01 | 217 | 751 | 100
27 | 199543 | XX-YY-27 | 01 | 131 | 781 | 100
28 | 199544 | XX-YY-28 | 01 | 79 | 8 | 100
30 | 199546 | XX-YY-30 | 01 | 199 | 135 | 100
33 | 199548 | XX-YY-33 | 01 | 80 | 828 | 100
01 | 198500 | XX-YY-01 | 01 | 151 | 34 | 100
03 | 198503 | XX-YY-03 | 01 | 56 | 471 | 100
45 | 199467 | XX-YY-45 | 01 | 69 | 651 | 100
47 | 199469 | XX-YY-47 | 01 | 92 | 908 | 100
30 | 199471 | XX-YY-30 | 01 | 95 | 269 | 100
31 | 199472 | XX-YY-31 | 01 | 73 | 630 | 100
33 | 199474 | XX-YY-33 | 01 | 232 | 359 | 100
36 | 199476 | XX-YY-36 | 01 | 62 | 375 | 100
21 | 199481 | XX-YY-21 | 01 | 147 | 299 | 100
23 | 199482 | XX-YY-23 | 01 | 158 | 103 | 100
26 | 199485 | XX-YY-26 | 01 | 261 | 309 | 100
27 | 199486 | XX-YY-27 | 01 | 217 | 296 | 100
28 | 199486 | XX-YY-28 | 01 | 159 | 17 | 100
14 | 199493 | XX-YY-14 | 01 | 91 | 698 | 100
03 | 199503 | XX-YY-03 | 01 | 209 | 664 | 100
04 | 199504 | XX-YY-04 | 01 | 257 | 202 | 100
05 | 199505 | XX-YY-05 | 01 | 229 | 812 | 100
06 | 199506 | XX-YY-06 | 01 | 118 | 338 | 100
07 | 199506 | XX-YY-07 | 01 | 78 | 289 | 100
09 | 199508 | XX-YY-09 | 01 | 71 | 100 | 100
00 | 199510 | XX-YY-00 | 01 | 172 | 701 | 100
02 | 199512 | XX-YY-02 | 01 | 74 | 715 | 100
05 | 199516 | XX-YY-05 | 01 | 171 | 999 | 100
06 | 199518 | XX-YY-06 | 01 | 165 | 755 | 100
08 | 199520 | XX-YY-08 | 01 | 273 | 605 | 100
13 | 199527 | XX-YY-13 | 01 | 177 | 903 | 100
14 | 199528 | XX-YY-14 | 01 | 140 | 622 | 100
16 | 199531 | XX-YY-16 | 01 | 132 | 33 | 100
26 | 199542 | XX-YY-26 | 01 | 254 | 743 | 100
29 | 199545 | XX-YY-29 | 01 | 145 | 921 | 100
31 | 199546 | XX-YY-31 | 01 | 86 | 13 | 100
32 | 199547 | XX-YY-32 | 01 | 77 | 808 | 100
31 | 199546 | XX-YY-31 | 01 | 86 | 13 | 100
35 | 199550 | XX-YY-35 | 01 | 221 | 534 | 100
46 | 200070 | XX-YY-46 | 02 | of
48 | 200073 | XX-YY-48 | 02 | on
49 | 200074 | XX-YY-49 | 02 | on
34 | 200082 | XX-YY-34 | 02 | on
35 | 200084 | XX-YY-35 | 02 | of
38 | 200090 | XX-YY-38 | 02 | on
39 | 200091 | XX-YY-39 | 02 | on
22 | 200097 | XX-YY-22 | 02 | on
24 | 200101 | XX-YY-24 | 02 | on
25 | 200102 | XX-YY-25 | 02 | of
10 | 200111 | XX-YY-10 | 02 | on
11 | 200113 | XX-YY-11 | 02 | on
12 | 200114 | XX-YY-12 | 02 | on
13 | 200116 | XX-YY-13 | 02 | on
15 | 200119 | XX-YY-15 | 02 | on
17 | 200122 | XX-YY-17 | 02 | of
00 | 200126 | XX-YY-00 | 02 | on
01 | 200127 | XX-YY-01 | 02 | of
02 | 200128 | XX-YY-02 | 02 | of
08 | 200136 | XX-YY-08 | 02 | of
01 | 200141 | XX-YY-01 | 02 | of
04 | 200145 | XX-YY-04 | 02 | of
07 | 200151 | XX-YY-07 | 02 | on
09 | 200156 | XX-YY-09 | 02 | of
10 | 200159 | XX-YY-10 | 02 | on
11 | 200160 | XX-YY-11 | 02 | of
15 | 200167 | XX-YY-15 | 02 | on
17 | 200170 | XX-YY-17 | 02 | on
21 | 200176 | XX-YY-21 | 02 | on
27 | 200185 | XX-YY-27 | 02 | of
28 | 200188 | XX-YY-28 | 02 | of
30 | 200193 | XX-YY-30 | 02 | of
31 | 200196 | XX-YY-31 | 02 | on
00 | 198600 | XX-YY-00 | 02 | on
02 | 198627 | XX-YY-02 | 02 | on
44 | 199083 | XX-YY-44 | 00
45 | 199084 | XX-YY-45 | 00
46 | 199085 | XX-YY-46 | 00
34 | 199096 | XX-YY-34 | 00
39 | 199103 | XX-YY-39 | 00
22 | 199107 | XX-YY-22 | 00
11 | 199119 | XX-YY-11 | 00
18 | 199128 | XX-YY-18 | 00
00 | 199131 | XX-YY-00 | 00
01 | 199132 | XX-YY-01 | 00
05 | 199151 | XX-YY-05 | 00
14 | 199160 | XX-YY-14 | 00
20 | 199164 | XX-YY-20 | 00
21 | 199165 | XX-YY-21 | 00
22 | 199166 | XX-YY-22 | 00
24 | 199168 | XX-YY-24 | 00
25 | 199168 | XX-YY-25 | 00
26 | 199169 | XX-YY-26 | 00
27 | 199170 | XX-YY-27 | 00
32 | 199174 | XX-YY-32 | 00
35 | 199177 | XX-YY-35 | 00
37 | 199178 | XX-YY-37 | 00
00 | 198372 | XX-YY-00 | 00
02 | 198375 | XX-YY-02 | 00
47 | 199087 | XX-YY-47 | 00
49 | 199089 | XX-YY-49 | 00
32 | 199093 | XX-YY-32 | 00
33 | 199094 | XX-YY-33 | 00
35 | 199098 | XX-YY-35 | 00
38 | 199102 | XX-YY-38 | 00
23 | 199109 | XX-YY-23 | 00
25 | 199111 | XX-YY-25 | 00
28 | 199115 | XX-YY-28 | 00
29 | 199117 | XX-YY-29 | 00
10 | 199118 | XX-YY-10 | 00
16 | 199126 | XX-YY-16 | 00
05 | 199137 | XX-YY-05 | 00
06 | 199138 | XX-YY-06 | 00
07 | 199139 | XX-YY-07 | 00
08 | 199140 | XX-YY-08 | 00
09 | 199142 | XX-YY-09 | 00
01 | 199146 | XX-YY-01 | 00
02 | 199147 | XX-YY-02 | 00
04 | 199150 | XX-YY-04 | 00
07 | 199154 | XX-YY-07 | 00
08 | 199155 | XX-YY-08 | 00
10 | 199156 | XX-YY-10 | 00
15 | 199160 | XX-YY-15 | 00
16 | 199161 | XX-YY-16 | 00
18 | 199163 | XX-YY-18 | 00
28 | 199171 | XX-YY-28 | 00
31 | 199173 | XX-YY-31 | 00
33 | 199175 | XX-YY-33 | 00
34 | 199176 | XX-YY-34 | 00
34 | 199176 | XX-YY-34 | 00
36 | 199178 | XX-YY-36 | 00
43 | 199466 | XX-YY-43 | 01 | 267 | 727 | 100
44 | 199466 | XX-YY-44 | 01 | 86 | 469 | 100
32 | 199473 | XX-YY-32 | 01 | 99 | 753 | 100
37 | 199477 | XX-YY-37 | 01 | 242 | 951 | 100
20 | 199480 | XX-YY-20 | 01 | 245 | 265 | 100
29 | 199487 | XX-YY-29 | 01 | 184 | 53 | 100
16 | 199496 | XX-YY-16 | 01 | 206 | 333 | 100
18 | 199499 | XX-YY-18 | 01 | 50 | 32 | 100
19 | 199500 | XX-YY-19 | 01 | 73 | 860 | 100
03 | 199514 | XX-YY-03 | 01 | 225 | 656 | 100
12 | 199526 | XX-YY-12 | 01 | 255 | 157 | 100
18 | 199534 | XX-YY-18 | 01 | 254 | 521 | 100
19 | 199535 | XX-YY-19 | 01 | 68 | 575 | 100
20 | 199536 | XX-YY-20 | 01 | 115 | 375 | 100
22 | 199539 | XX-YY-22 | 01 | 190 | 695 | 100
23 | 199540 | XX-YY-23 | 01 | 53 | 110 | 100
24 | 199540 | XX-YY-24 | 01 | 269 | 872 | 100
25 | 199541 | XX-YY-25 | 01 | 198 | 408 | 100
32 | 199547 | XX-YY-32 | 01 | 77 | 808 | 100
34 | 199549 | XX-YY-34 | 01 | 56 | 987 | 100
36 | 199551 | XX-YY-36 | 01 | 55 | 659 | 100
00 | 198498 | XX-YY-00 | 01 | 50 | 383 | 100
02 | 198502 | XX-YY-02 | 01 | 125 | 971 | 100
43 | 200065 | XX-YY-43 | 02 | of
44 | 200067 | XX-YY-44 | 02 | of
32 | 200079 | XX-YY-32 | 02 | on
37 | 200088 | XX-YY-37 | 02 | on
20 | 200093 | XX-YY-20 | 02 | of
29 | 200109 | XX-YY-29 | 02 | on
16 | 200120 | XX-YY-16 | 02 | on
18 | 200123 | XX-YY-18 | 02 | of
19 | 200125 | XX-YY-19 | 02 | of
03 | 200144 | XX-YY-03 | 02 | of
12 | 200162 | XX-YY-12 | 02 | on
18 | 200171 | XX-YY-18 | 02 | of
19 | 200173 | XX-YY-19 | 02 | of
20 | 200174 | XX-YY-20 | 02 | of
22 | 200177 | XX-YY-22 | 02 | on
23 | 200179 | XX-YY-23 | 02 | of
24 | 200181 | XX-YY-24 | 02 | of
25 | 200182 | XX-YY-25 | 02 | on
33 | 200202 | XX-YY-33 | 02 | of
35 | 200206 | XX-YY-35 | 02 | of
36 | 200209 | XX-YY-36 | 02 | of
01 | 198626 | XX-YY-01 | 02 | on
45 | 200068 | XX-YY-45 | 02 | on
47 | 200071 | XX-YY-47 | 02 | on
30 | 200076 | XX-YY-30 | 02 | of
31 | 200077 | XX-YY-31 | 02 | on
33 | 200080 | XX-YY-33 | 02 | of
36 | 200086 | XX-YY-36 | 02 | on
21 | 200095 | XX-YY-21 | 02 | on
23 | 200099 | XX-YY-23 | 02 | on
26 | 200104 | XX-YY-26 | 02 | of
27 | 200106 | XX-YY-27 | 02 | on
28 | 200108 | XX-YY-28 | 02 | on
14 | 200117 | XX-YY-14 | 02 | of
03 | 200129 | XX-YY-03 | 02 | of
04 | 200131 | XX-YY-04 | 02 | of
05 | 200132 | XX-YY-05 | 02 | on
06 | 200133 | XX-YY-06 | 02 | of
07 | 200135 | XX-YY-07 | 02 | on
09 | 200137 | XX-YY-09 | 02 | of
00 | 200139 | XX-YY-00 | 02 | on
02 | 200142 | XX-YY-02 | 02 | on
05 | 200146 | XX-YY-05 | 02 | of
06 | 200148 | XX-YY-06 | 02 | of
08 | 200153 | XX-YY-08 | 02 | of
13 | 200163 | XX-YY-13 | 02 | on
14 | 200165 | XX-YY-14 | 02 | on
16 | 200168 | XX-YY-16 | 02 | of
26 | 200184 | XX-YY-26 | 02 | of
29 | 200191 | XX-YY-29 | 02 | of
31 | 200196 | XX-YY-31 | 02 | on
32 | 200199 | XX-YY-32 | 02 | of
32 | 200199 | XX-YY-32 | 02 | of
34 | 200204 | XX-YY-34 | 02 | on
03 | 198629 | XX-YY-03 | 02 | on
04 | 198377 | XX-YY-04 | 00
04 | 198504 | XX-YY-04 | 01 | 59 | 303 | 100
04 | 198630 | XX-YY-04 | 02 | of
05 | 198378 | XX-YY-05 | 00
05 | 198506 | XX-YY-05 | 01 | 176 | 900 | 100
05 | 198633 | XX-YY-05 | 02 | of
06 | 198380 | XX-YY-06 | 00
06 | 198507 | XX-YY-06 | 01 | 92 | 860 | 100
06 | 198637 | XX-YY-06 | 02 | of
07 | 198381 | XX-YY-07 | 00
07 | 198508 | XX-YY-07 | 01 | 166 | 596 | 100
07 | 198640 | XX-YY-07 | 02 | of
08 | 198383 | XX-YY-08 | 00
08 | 198510 | XX-YY-08 | 01 | 73 | 271 | 100
08 | 198643 | XX-YY-08 | 02 | of
09 | 198384 | XX-YY-09 | 00
09 | 198511 | XX-YY-09 | 01 | 105 | 899 | 100
09 | 198646 | XX-YY-09 | 02 | on
10 | 198386 | XX-YY-10 | 00
10 | 198513 | XX-YY-10 | 01 | 70 | 886 | 100
10 | 198648 | XX-YY-10 | 02 | on
11 | 198387 | XX-YY-11 | 00
11 | 198514 | XX-YY-11 | 01 | 158 | 978 | 100
11 | 198650 | XX-YY-11 | 02 | on
12 | 198389 | XX-YY-12 | 00
12 | 198515 | XX-YY-12 | 01 | 237 | 589 | 100
12 | 198651 | XX-YY-12 | 02 | on
13 | 198390 | XX-YY-13 | 00
13 | 198517 | XX-YY-13 | 01 | 125 | 411 | 100
13 | 198653 | XX-YY-13 | 02 | on
14 | 198391 | XX-YY-14 | 00
14 | 198518 | XX-YY-14 | 01 | 136 | 790 | 100
14 | 198655 | XX-YY-14 | 02 | on
15 | 198393 | XX-YY-15 | 00
15 | 198520 | XX-YY-15 | 01 | 59 | 300 | 100
15 | 198656 | XX-YY-15 | 02 | of
16 | 198394 | XX-YY-16 | 00
16 | 198521 | XX-YY-16 | 01 | 103 | 661 | 100
16 | 198658 | XX-YY-16 | 02 | on
17 | 198396 | XX-YY-17 | 00
17 | 198523 | XX-YY-17 | 01 | 245 | 578 | 100
17 | 198660 | XX-YY-17 | 02 | of
18 | 198397 | XX-YY-18 | 00
18 | 198523 | XX-YY-18 | 01 | 167 | 852 | 100
18 | 198661 | XX-YY-18 | 02 | on
19 | 198398 | XX-YY-19 | 00
19 | 198524 | XX-YY-19 | 01 | 140 | 189 | 100
19 | 198664 | XX-YY-19 | 02 | on
20 | 198400 | XX-YY-20 | 00
20 | 198525 | XX-YY-20 | 01 | 289 | 233 | 100
20 | 198667 | XX-YY-20 | 02 | of
21 | 198401 | XX-YY-21 | 00
21 | 198526 | XX-YY-21 | 01 | 165 | 661 | 100
21 | 198670 | XX-YY-21 | 02 | on
22 | 198403 | XX-YY-22 | 00
22 | 198527 | XX-YY-22 | 01 | 71 | 722 | 100
22 | 198673 | XX-YY-22 | 02 | of
23 | 198404 | XX-YY-23 | 00
23 | 198528 | XX-YY-23 | 01 | 148 | 732 | 100
23 | 198677 | XX-YY-23 | 02 | of
24 | 198406 | XX-YY-24 | 00
24 | 198529 | XX-YY-24 | 01 | 183 | 556 | 100
24 | 198679 | XX-YY-24 | 02 | on
25 | 198407 | XX-YY-25 | 00
25 | 198530 | XX-YY-25 | 01 | 145 | 517 | 100
25 | 198682 | XX-YY-25 | 02 | of
26 | 198408 | XX-YY-26 | 00
26 | 198530 | XX-YY-26 | 01 | 116 | 488 | 100
26 | 198684 | XX-YY-26 | 02 | of
