|0|1521767585302|02|of|
|1|1521767585308|02|of|
|2|1521767585314|02|of|
|3|1521767585320|02|of|
|4|1521767585324|02|of|
|5|1521767585329|02|on|
|6|1521767585333|02|on|
|7|1521767585339|02|on|
|8|1521767585343|02|on|
|9|1521767585346|02|of|
|10|1521767585349|02|of|
|11|1521767585353|02|on|
|12|1521767585356|02|on|
|13|1521767585360|02|of|
|14|1521767585365|02|of|
|15|1521767585369|02|on|
|16|1521767585374|02|on|
|17|1521767585379|02|of|
|18|1521767585383|02|of|
|19|1521767585386|02|of|
|20|1521767585389|02|on|
|21|1521767585393|02|on|
|22|1521767585396|02|of|
|23|1521767585399|02|of|
|24|1521767585402|02|of|
|25|1521767585405|02|on|
|26|1521767585408|02|on|
|27|1521767585411|02|on|
|28|1521767585414|02|of|
|29|1521767585417|02|on|
|30|1521767585420|02|of|
|31|1521767585423|02|of|
|32|1521767585426|02|of|
|33|1521767585429|02|on|
|34|1521767585433|02|on|
|35|1521767585438|02|of|
|36|1521767585443|02|on|
|37|1521767585449|02|on|
|38|1521767585452|02|on|
|39|1521767585456|02|of|
|40|1521767585461|02|on|
|41|1521767585465|02|on|
|42|1521767585469|02|of|
|43|1521767585473|02|on|
|44|1521767585476|02|of|
|45|1521767585479|02|of|
|46|1521767585482|02|on|
|47|1521767585485|02|of|
|48|1521767585489|02|of|
|49|1521767585491|02|on|
|50|1521767585494|02|of|
|51|1521767585497|02|on|
|52|1521767585500|02|of|
|53|1521767585503|02|of|
|54|1521767585506|02|of|
|55|1521767585509|02|on|
|56|1521767585512|02|on|
|57|1521767585515|02|of|
|58|1521767585518|02|on|
|59|1521767585521|02|on|
|60|1521767585524|02|of|
|61|1521767585527|02|on|
|62|1521767585530|02|on|
|63|1521767585532|02|on|
|64|1521767585536|02|of|
|65|1521767585539|02|of|
|66|1521767585542|02|on|
|67|1521767585544|02|on|
|68|1521767585547|02|on|
|69|1521767585550|02|of|
|70|1521767585553|02|of|
|71|1521767585556|02|on|
|72|1521767585559|02|on|
|73|1521767585562|02|of|
|74|1521767585565|02|on|
|75|1521767585568|02|on|
|76|1521767585571|02|of|
|77|1521767585575|02|on|
|78|1521767585579|02|on|
|79|1521767585582|02|on|
|80|1521767585585|02|on|
|81|1521767585588|02|of|
|82|1521767585591|02|on|
|83|1521767585594|02|of|
|84|1521767585597|02|on|
|85|1521767585600|02|of|
|86|1521767585603|02|of|
|87|1521767585606|02|on|
|88|1521767585609|02|on|
|89|1521767585612|02|on|
|90|1521767585615|02|on|
|91|1521767585619|02|on|
|92|1521767585622|02|on|
|93|1521767585624|02|of|
|94|1521767585627|02|of|
|95|1521767585630|02|of|
|96|1521767585633|02|on|
|97|1521767585636|02|on|
|98|1521767585639|02|on|
|99|1521767585642|02|on|
